
Dice rolls 4   4   2   8   2   7   9   7   10   9   1   3   11   6   4   6   11   1   10   6   

Dice rolls 13   12   11   6   12   8   6   4   6   18   8   8   14   5   8   18   10   20   10   2   

Dice rolls 55   38   29   60   57   25   56   12   56   62   30   16   24   5   60   48   49   53   5   48   

Dice rolls 6   6   7   8   1   7   4   2   4   1   7   2   1   1   9   7   9   4   8   6   

Dice rolls 2   3   19   9   9   18   12   13   13   18   15   10   10   15   4   16   20   2   1   9   

Dice rolls 16   37   60   9   60   3   20   41   33   11   26   27   26   2   30   24   35   5   16   12   

Dice rolls 10   10   12   5   1   12   6   10   10   7   10   5   3   10   8   3   3   8   12   9   

Dice rolls 2   4   11   8   13   15   2   16   4   4   3   17   3   17   2   10   4   14   10   1   

Dice rolls 37   18   9   53   20   9   20   4   48   23   12   56   1   16   18   39   18   40   47   17   

Dice rolls 11   2   2   10   5   1   3   8   12   8   11   4   5   11   9   6   1   6   12   10   

Dice rolls 3   8   12   14   8   14   7   8   3   19   5   4   5   1   4   17   13   11   15   7   

Dice rolls 18   23   1   35   9   18   50   49   3   2   10   59   57   57   54   35   38   29   27   44   
