
Dice rolls 8   2   3   1   5   1   5   1   5   2   9   12   8   1   11   11   3   12   11   1   

Dice rolls 9   20   15   4   8   7   2   8   7   3   12   16   16   8   12   4   11   7   8   4   

Dice rolls 7   11   47   32   7   10   17   54   36   45   9   44   11   52   38   40   29   2   43   4   

Dice rolls 3   3   3   10   2   10   8   2   5   11   6   10   10   5   8   5   11   12   12   5   

Dice rolls 16   15   14   17   11   20   7   14   8   11   12   1   2   11   18   5   9   1   20   13   

Dice rolls 28   14   14   32   54   2   33   12   14   25   2   14   14   9   44   32   34   27   19   11   

Dice rolls 1   3   3   6   3   8   10   3   12   4   5   8   6   1   1   5   11   2   6   11   

Dice rolls 3   14   16   14   2   18   15   2   18   14   3   16   11   1   17   12   17   12   11   4   

Dice rolls 64   30   34   52   59   50   18   16   28   40   40   26   50   23   49   26   27   33   28   22   

Dice rolls 9   12   2   11   1   1   1   11   11   8   4   6   9   10   2   9   1   8   11   5   

Dice rolls 11   14   7   3   13   5   5   5   2   14   12   1   8   13   10   11   15   18   15   14   

Dice rolls 53   34   8   52   51   36   53   48   9   43   18   58   4   32   64   64   42   3   18   51   

Dice rolls 8   6   8   11   7   10   12   2   10   12   7   7   10   4   11   11   5   3   2   7   

Dice rolls 14   20   1   17   16   19   12   12   8   14   3   19   9   11   15   6   13   20   19   2   

Dice rolls 13   9   40   7   49   53   41   2   40   64   12   33   8   25   22   42   25   51   7   40   

Dice rolls 11   11   10   1   5   4   9   7   3   8   3   11   8   8   11   11   10   11   1   3   

Dice rolls 7   6   11   16   16   17   3   15   14   11   18   3   9   9   19   20   18   15   18   10   

Dice rolls 24   4   49   36   46   42   40   14   12   47   28   23   30   27   6   42   25   1   16   36   

Dice rolls 5   9   5   2   1   1   11   10   10   6   11   12   5   4   1   8   8   8   3   1   

Dice rolls 17   5   8   16   19   7   19   7   13   15   7   19   14   14   17   13   9   15   7   1   

Dice rolls 38   26   24   58   36   9   12   30   2   62   6   60   42   1   7   10   22   39   12   46   

Dice rolls 9   10   12   2   2   9   1   10   9   1   8   10   7   5   11   6   5   5   10   9   

Dice rolls 14   3   1   1   4   14   11   9   5   17   14   20   19   19   15   1   5   8   10   20   

Dice rolls 15   14   48   60   48   18   18   54   28   3   42   11   20   48   8   38   48   62   61   26   

Dice rolls 11   12   4   3   5   3   4   2   6   12   12   8   7   12   4   11   6   3   3   5   

Dice rolls 18   17   10   19   4   5   1   9   1   9   4   4   5   13   11   1   18   16   15   9   

Dice rolls 13   9   42   49   23   36   41   60   15   13   33   53   48   11   22   4   30   21   2   12   

Dice rolls 5   1   12   7   9   10   4   6   9   3   10   9   10   2   11   1   8   11   4   4   

Dice rolls 20   6   5   13   13   15   6   19   4   18   10   12   18   20   8   5   15   12   1   11   

Dice rolls 49   58   40   22   57   44   39   21   25   62   58   37   9   18   14   4   54   22   60   62   

Dice rolls 12   11   1   3   11   11   5   9   1   2   10   5   10   9   12   11   9   1   5   7   

Dice rolls 4   18   3   13   14   2   7   3   4   2   3   20   16   14   13   20   13   19   8   19   

Dice rolls 30   21   12   40   51   29   59   50   56   62   55   49   51   60   47   9   52   28   34   53   

Dice rolls 11   4   9   3   8   6   11   10   1   2   7   3   5   2   10   12   12   10   7   10   

Dice rolls 12   18   15   17   2   6   20   9   20   2   19   16   18   17   2   18   9   4   19   8   

Dice rolls 14   1   22   43   36   9   19   48   26   7   63   42   18   35   33   1   34   58   10   23   
